0.000000000000000000e+00 0.000000000000000000e+00 1.000000000000000000e+00
-4.049702847412570694e-01 -1.882685631115475489e-01 8.947368421052630527e-01
2.352070724274114288e-01 -5.669293915640506443e-01 7.894736842105263275e-01
7.289331690611040582e-01 2.263604915188006245e-02 6.842105263157893802e-01
3.825648574578930372e-01 7.200444947616501112e-01 5.789473684210527660e-01
-3.983750482095947398e-01 7.854429257826848199e-01 4.736842105263157632e-01
-9.103881187536690955e-01 1.883066679913229513e-01 3.684210526315790935e-01
-7.658362270388650028e-01 -5.867220771306880245e-01 2.631578947368419796e-01
-8.353527163299809266e-02 -9.839162111027358604e-01 1.578947368421054209e-01
6.685446181711696134e-01 -7.418072596111957573e-01 5.263157894736832099e-02
