9.332000000000000295e-01 1.151999999999999968e-01 3.403999999999999804e-01
8.060000000000000497e-02 -9.536000000000000032e-01 2.899999999999999800e-01
7.409000000000000030e-01 -5.363999999999999879e-01 4.040000000000000258e-01
9.400000000000000369e-03 -8.203000000000000291e-01 5.717999999999999750e-01
2.064000000000000001e-01 -6.165000000000000480e-01 7.598000000000000309e-01
-2.023999999999999966e-01 6.758999999999999453e-01 7.086999999999999966e-01
8.195000000000000062e-01 4.563999999999999724e-01 3.466000000000000192e-01
4.394000000000000128e-01 2.338000000000000078e-01 8.672999999999999599e-01
8.657000000000000250e-01 1.064999999999999974e-01 4.892000000000000237e-01
8.162000000000000366e-01 -2.709999999999999909e-02 5.770999999999999464e-01
-6.179000000000000048e-01 -5.561000000000000387e-01 5.557999999999999607e-01
-3.598999999999999977e-01 -8.831999999999999851e-01 3.008000000000000118e-01
2.366999999999999937e-01 8.226999999999999869e-01 5.168000000000000371e-01
-7.819000000000000394e-01 9.470000000000000639e-02 6.161999999999999700e-01
4.131000000000000227e-01 -2.364999999999999880e-01 8.793999999999999595e-01
2.249999999999999917e-02 1.512999999999999901e-01 9.881999999999999673e-01
7.306000000000000272e-01 5.694000000000000172e-01 3.769000000000000128e-01
-3.934000000000000274e-01 -5.759999999999999565e-01 7.166000000000000147e-01
0.000000000000000000e+00 0.000000000000000000e+00 1.000000000000000000e+00
-1.040999999999999981e-01 6.800000000000000488e-02 9.921999999999999709e-01
9.740000000000000047e-02 2.245000000000000051e-01 9.696000000000000174e-01
-4.599999999999999922e-02 9.915000000000000480e-01 1.219999999999999973e-01
7.351999999999999647e-01 3.993999999999999773e-01 5.476999999999999647e-01
5.159000000000000252e-01 -9.420000000000000595e-02 8.514000000000000457e-01
8.043000000000000149e-01 -1.292000000000000093e-01 5.799999999999999600e-01
9.351000000000000423e-01 5.240000000000000213e-02 3.504999999999999782e-01
9.656000000000000139e-01 2.200999999999999901e-01 1.386000000000000010e-01
-9.977000000000000313e-01 -5.170000000000000290e-02 4.349999999999999700e-02
1.590000000000000094e-02 2.700000000000000178e-01 9.627000000000000002e-01
-1.317000000000000115e-01 8.917000000000000481e-01 4.330999999999999850e-01
5.675999999999999934e-01 -5.114999999999999547e-01 6.451999999999999957e-01
-4.363000000000000211e-01 4.636000000000000121e-01 7.711999999999999966e-01
