8.660254037844385966e-01 0.000000000000000000e+00 5.000000000000001110e-01
8.493849684870414807e-01 1.689531748984536286e-01 5.000000000000001110e-01
8.001031451912654635e-01 3.314135740355917958e-01 5.000000000000001110e-01
7.200738067288023903e-01 4.811379353814156379e-01 5.000000000000001110e-01
6.123724356957945814e-01 6.123724356957944703e-01 5.000000000000001110e-01
4.811379353814156934e-01 7.200738067288023903e-01 5.000000000000001110e-01
3.314135740355918514e-01 8.001031451912654635e-01 5.000000000000001110e-01
1.689531748984536841e-01 8.493849684870414807e-01 5.000000000000001110e-01
5.302876193624533958e-17 8.660254037844385966e-01 5.000000000000001110e-01
-1.689531748984535731e-01 8.493849684870414807e-01 5.000000000000001110e-01
-3.314135740355917403e-01 8.001031451912654635e-01 5.000000000000001110e-01
-4.811379353814154158e-01 7.200738067288025013e-01 5.000000000000001110e-01
-6.123724356957944703e-01 6.123724356957945814e-01 5.000000000000001110e-01
-7.200738067288025013e-01 4.811379353814156379e-01 5.000000000000001110e-01
-8.001031451912654635e-01 3.314135740355918514e-01 5.000000000000001110e-01
-8.493849684870414807e-01 1.689531748984539339e-01 5.000000000000001110e-01
-8.660254037844385966e-01 1.060575238724906792e-16 5.000000000000001110e-01
-8.493849684870414807e-01 -1.689531748984537118e-01 5.000000000000001110e-01
-8.001031451912655745e-01 -3.314135740355916848e-01 5.000000000000001110e-01
-7.200738067288025013e-01 -4.811379353814154158e-01 5.000000000000001110e-01
-6.123724356957945814e-01 -6.123724356957944703e-01 5.000000000000001110e-01
-4.811379353814156379e-01 -7.200738067288023903e-01 5.000000000000001110e-01
-3.314135740355922399e-01 -8.001031451912652415e-01 5.000000000000001110e-01
-1.689531748984539894e-01 -8.493849684870413697e-01 5.000000000000001110e-01
-1.590862858087360249e-16 -8.660254037844385966e-01 5.000000000000001110e-01
1.689531748984536563e-01 -8.493849684870414807e-01 5.000000000000001110e-01
3.314135740355919624e-01 -8.001031451912653525e-01 5.000000000000001110e-01
4.811379353814153048e-01 -7.200738067288025013e-01 5.000000000000001110e-01
6.123724356957943593e-01 -6.123724356957945814e-01 5.000000000000001110e-01
7.200738067288023903e-01 -4.811379353814156379e-01 5.000000000000001110e-01
8.001031451912652415e-01 -3.314135740355922954e-01 5.000000000000001110e-01
8.493849684870413697e-01 -1.689531748984540171e-01 5.000000000000001110e-01
