-0.880597 0.473839 0.005000
0.969302 0.245416 0.015000
-0.548847 -0.835549 0.025000
-0.159655 0.986552 0.035000
0.783817 -0.619359 0.045000
-0.995834 -0.072728 0.055000
0.684758 0.725866 0.065000
-0.014593 -0.997077 0.075000
-0.662222 0.744471 0.085000
0.990286 -0.101533 0.095000
-0.797984 -0.593461 0.105000
0.187323 0.975544 0.115000
0.520210 -0.844841 0.125000
-0.953008 0.271203 0.135000
0.884649 0.443137 0.145000
-0.352437 -0.922910 0.155000
-0.362945 0.917086 0.165000
0.885555 -0.430311 0.175000
-0.941898 -0.280364 0.185000
0.504148 0.841314 0.195000
0.196147 -0.958906 0.205000
-0.790626 0.573311 0.215000
0.968008 0.111061 0.225000
-0.637209 -0.733989 0.235000
-0.025878 0.969178 0.245000
0.671957 -0.695304 0.255000
-0.962464 0.058631 0.265000
0.747117 0.605137 0.275000
-0.141705 -0.947995 0.285000
-0.534178 0.792230 0.295000
0.925972 -0.222598 0.305000
-0.830294 -0.459769 0.315000
0.300590 0.896672 0.325000
0.382628 -0.861029 0.335000
-0.860440 0.374990 0.345000
0.884230 0.303500 0.355000
-0.445147 -0.817691 0.365000
-0.223146 0.899767 0.375000
0.768902 -0.510455 0.385000
-0.907588 -0.142336 0.395000
0.570358 0.714610 0.405000
0.061842 -0.907717 0.415000
-0.655404 0.624356 0.425000
0.900259 -0.017569 0.435000
-0.672014 -0.591923 0.445000
0.095146 0.885394 0.455000
0.524846 -0.712960 0.465000
-0.863378 0.170156 0.475000
0.746894 0.454890 0.485000
-0.241898 -0.834542 0.495000
-0.382796 0.773590 0.505000
0.799286 -0.309704 0.515000
-0.792899 -0.309331 0.525000
0.372950 0.758079 0.535000
0.235273 -0.804749 0.545000
-0.711451 0.431060 0.555000
0.809150 0.161406 0.565000
-0.483514 -0.659992 0.575000
-0.088513 0.806189 0.585000
0.604345 -0.529851 0.595000
-0.796036 -0.017369 0.605000
0.569678 0.545199 0.615000
-0.051267 -0.778939 0.625000
-0.483288 0.602667 0.635000
0.755225 -0.116660 0.645000
-0.628567 -0.419379 0.655000
0.178104 0.725296 0.665000
0.354268 -0.647201 0.675000
-0.689625 0.234930 0.685000
0.658471 0.288776 0.695000
-0.286510 -0.648758 0.705000
-0.223739 0.662356 0.715000
0.603305 -0.332262 0.725000
-0.658918 -0.160006 0.735000
0.371653 0.553940 0.745000
0.098433 -0.648295 0.755000
-0.501394 0.404202 0.765000
0.630702 0.039879 0.775000
-0.429480 -0.446455 0.785000
0.014795 0.606429 0.795000
0.389963 -0.447106 0.805000
-0.575835 0.064723 0.815000
0.456742 0.332808 0.825000
-0.109030 -0.539340 0.835000
-0.275934 0.458078 0.845000
0.497414 -0.146813 0.855000
-0.450805 -0.220341 0.865000
0.177114 0.450561 0.875000
0.167100 -0.434572 0.885000
-0.399286 0.198861 0.895000
0.408897 0.117381 0.905000
-0.210748 -0.344035 0.915000
-0.072511 0.372984 0.925000
0.285063 -0.210984 0.935000
-0.325287 -0.034109 0.945000
0.196621 0.222070 0.955000
0.004442 -0.262212 0.965000
-0.152851 0.161281 0.975000
0.172124 -0.012172 0.985000
-0.078220 -0.062102 0.995000
